10600
7000
6500
7700
6400
5400
6700
45500
20600
7400
6400
6100
7400
6500
6000
5800
74400
5700
6400
6100
6800
5500
5800
6100
5800
5400
5500
5700
7100
7100
6400
6100
6700
7400
7000
6100
5700
6400
7700
6400
7000
6100
7300
6100
7700
7300
5500
5700
7400
6400
6400
7400
7700
6400
7300
7400
6700
7100
7300
5400
5500
7000
7400
5800
5500
5400
6700
6400
5500
7400
7100
7400
6400
6700
7100
7000
6700
6800
6800
6100
6800
7900
6100
6100
7000
5400
6100
6700
5500
6800
6000
1900
5800
6700
6100
6800
5500
6100
7000
6800
5200
6000
6400
7000
5200
6800
5800
6700
4800
5100
5500
6100
6400
5800
5500
5700
6400
5400
5500
6100
5100
6800
6100
4800
6400
5400
6400
5400
4500
5400
5800
6500
4800
6100
6400
4900
6400
6100
5400
5800
4800
5500
5100
5100
6100
5500
5500
5200
5200
5700
5800
5200
5200
4800
5100
5500
4900
4900
6100
6100
14700
6800
14700
5100
5100
16000
14400
6100
5100
4800
5100
5700
16000
5800
14800
5400
20800
13100
4500
6100
4900
5500
6100
14200
5200
5800
5400
5100
4800
4800
4800
6100
4500
4500
5200
4800
4800
6100
4400
4800
4200
5800
4100
4500
5100
4800
4400
5800
4800
5500
5500
4800
4100
4500
5400
6100
4500
5100
4200
4800
4800
5100
5700
4200
5400
4800
4500
5500
4500
5800
5100
5400
5100
5800
5500
4900
4800
4500
5100
5100
5400
4800
4200
5800
4100
4800
5100
4500
4500
4800
4800
5100
4100
5500
4800
5100
5500
4800
4800
5400
4500
4800
4200
4500
5500
5400
4200
4500
4100
5100
4800
4800
4800
5100
5400
4100
4800
5500
4200
5700
3800
12800
4200
4500
5100
4500
5100
5100
4200
3800
5100
5500
4200
5100
4500
3900
3900
3800
4800
5200
4800
3900
4400
3900
4200
4800
3900
4100
3800
4800
5100
3800
4800
4100
5100
4800
3800
3800
4800
4800
4800
5500
3800
3800
4500
3800
3800
3800
5100
3500
3900
4500
4400
3900
4200
3800
4100
4200
3900
3800
4500
4500
3500
4200
3500
4800
3500
4200
3900
4800
3900
4800
4800
4200
3500
4500
4200
4200
4500
4500
4400
4200
4500
3500
3500
3800
4500
3800
3800
4500
3900
3500
3500
3600
3900
4100
3500
4500
3600
4500
4500
4100
4200
3900
3500
3200
4500
3200
3500
3600
4500
4500
4400
3200
4200
4200
3200
4900
4200
3500
3800
4100
3900
3200
4200
3900
3600
3900
3800
4200
3900
4500
4200
4200
3800
4200
3900
3900
3600
3900
2900
4200
3900
3900
4800
43300
4500
4200
4100
3900
3500
4400
4200
3300
3200
3500
3500
3900
3500
3900
3200
3900
3600
3200
3200
3500
3500
3800
3500
3600
3600
3600
4200
3500
3300
4200
3800
3500
3200
3900
3200
4200
3500
3200
2900
3200
2800
3600
4200
3800
4100
3900
3600
2900
3200
3600
3200
3200
3500
3800
3900
3600
3900
3900
2900
3900
3900
3800
2900
3600
3200
3500
3900
2900
3500
2900
3900
3500
3300
2900
3200
2900
3900
3500
3500
3900
3900
3200
3500
3200
2900
3600
3600
2900
3800
2600
3200
2900
2900
2900
3500
2900
3200
3500
3500
3500
2900
3200
2900
2900
2900
2900
3600
2800
2900
3500
2800
3500
3500
2900
2800
2900
3500
3500
3300
2900
3500
2200
3500
2900
2900
2900
2600
2800
2900
3500
3200
2500
3200
3200
2900
2600
3600
2900
2500
2600
2600
2500
2600
2900
3500
2500
2300
3300
2600
2600
2500
2600
2600
2200
2200
3500
12200
3200
17600
3500
2900
11300
2900
14400
3500
3200
3200
3200
2500
2900
2900
3200
2500
2600
2600
900
2600
2600
2200
2200
3200
1000
2800
2900
2500
2900
2800
2900
2600
3200
2300
2200
2800
2600
2600
2200
2900
2300
2200
2900
2600
2300
2800
2300
2600
2200
2300
2800
2600
2000
2200
2900
2900
2500
2900
2500
2900
2300
2600
2500
2300
2300
2300
2300
2500
2200
2600
2300
2300
2500
2600
1900
2300
1900
2300
2900
2500
1900
2600
2300
2600
2200
2500
2200
2500
2300
3200
