458400
201400
175400
192400
160400
114200
117200
495500
133100
100700
139800
104500
109000
106800
131600
111900
112000
111600
132500
110300
114500
111600
112300
111600
166500
112800
112500
111700
112600
112600
112900
112000
112600
115800
117000
111700
111900
112900
111600
112200
111600
116500
167100
114500
112300
115800
111900
112000
111600
112500
112600
112200
111300
111000
112600
111600
111000
116500
114200
111900
111600
111300
111600
111300
111600
112300
111300
111600
111600
111900
111300
111300
111300
112000
111900
111600
112200
114200
112300
112500
112000
111600
113000
111900
111000
127000
105200
112900
113800
111600
111900
91100
115200
117400
117400
118000
117400
118100
133600
116100
288700
